22001
5428
18138
7113
30414
20982
20166
29870
6239
28097
27177
1405
12107
30259
28020
6383
17208
23779
10809
1890
9177
26704
27720
20340
28455
12568
21016
7377
19694
32619
1128
12617
908
7358
4389
25638
18933
28100
28047
11196
31483
26778
25496
25921
3533
15170
28300
20191
30653
13906
19191
26632
23366
20461
15812
11274
10317
21235
22178
23267
4519
3701
12716
17494
31708
6508
31816
18750
18730
32426
16719
1827
9933
25872
16495
25099
16254
2050
21710
24722
30522
5144
12016
3645
5188
15382
26075
22540
31085
6687
9081
5966
21907
12581
28733
16057
27752
8868
25097
23994
23668
27792
12880
28170
1630
17292
32632
8066
31079
23900
15746
5680
2359
16285
6636
20138
28892
26291
22230
7330
10000
22788
24933
30651
18362
31332
10085
2715
14008
13263
28722
14402
24540
17246
15576
2970
14388
18548
29561
17743
25743
24632
23023
31712
10556
26185
9139
503
1813
11693
5885
1782
10685
17930
3373
9682
2853
8472
21098
22052
28757
11350
10377
29565
9065
13052
28976
20218
3801
7217
17211
32537
7678
22911
28510
25035
1746
6532
14348
1227
24824
4842
16536
26669
11772
31641
30619
20282
14043
42
149
4987
25286
20383
24791
11796
27427
3922
29600
27476
4309
19244
27014
31881
14013
13847
22295
23577
1408
20150
5825
14286
31883
15443
495
21874
5205
30745
17781
9628
21988
5763
21806
30921
2963
17684
17123
2734
28434
20553
31855
22477
30894
17868
13601
28999
13267
1770
32354
17137
15567
24391
21400
32681
19416
29648
7498
10219
29009
7666
28548
24223
26441
1801
1917
53
7237
6172
19575
12276
23359
4551
22503
20367
13550
24696
18646
5370
3656
223
26247
12923
30790
2207
22106
17668
13543
10058
26864
31936
3447
13196
17040
13292
24081
6310
25289
26600
31331
14366
20313
18574
20401
5045
26190
20930
26652
21402
7019
9034
13093
31965
9421
2785
14189
27686
23247
29830
4542
26791
20266
13594
25935
25423
24417
25386
8516
13889
18012
12810
16245
30852
29010
803
24688
14844
7149
8589
26817
15257
30633
23521
881
30670
25214
28744
11724
3909
28862
32472
12391
28113
20032
30241
10594
15268
15038
11778
3051
28354
9596
9410
14595
4277
11306
4699
5509
3202
268
17945
16740
6365
31832
612
21556
4761
23776
19162
17132
23394
31728
22690
21226
4270
30842
10492
15927
12017
7536
23068
27917
29968
1906
19000
26774
7193
19881
11488
27383
14129
12787
2702
12429
20430
7232
24190
28278
4646
25916
18111
4692
7655
13358
31371
12109
20264
29727
31444
15447
5023
9280
12575
1970
8213
1926
28821
949
6680
30615
3415
20686
2544
24297
32275
10437
10452
7720
15317
3904
24413
24793
21535
27532
2106
9534
24891
28570
19238
31609
23760
28744
9239
16371
180
4834
27320
21759
10753
29673
28186
8123
29291
11027
30886
19511
29648
20626
20567
7386
27153
26521
1830
18689
10017
21021
12229
12008
3419
12761
19087
23758
1049
23188
32448
13652
6786
14758
29665
13095
19619
22201
24455
4062
7874
20941
6973
21030
750
639
22207
1820
15579
7306
14953
11002
14317
32142
3566
1270
915
2064
14157
31335
27094
12226
9729
7466
21554
6917
32376
31044
29348
32173
6599
26056
22788
4356
11676
23804
1685
19729
12404
8119
3035
18202
19982
10253
17068
22887
31
12078
19594
30793
8007
19084
19248
22619
68
25660
1899
18952
29030
4767
31275
28237
11330
4929
27610
10432
4011
27905
7660
29394
13790
32115
12984
29777
15101
30082
18310
1329
18367
2394
29929
31883
13413
22405
10575
28902
22512
19283
4566
19894
22417
32384
1377
25122
2657
24081
9708
19722
17746
5759
11292
27209
9061
2839
4378
9527
7710
23713
2722
21618
2614
17216
3415
735
19599
16281
18778
18923
23405
26423
21786
8471
24546
20526
31342
18099
2954
24575
23009
9705
30329
444
22604
24062
6514
1901
2731
20181
14425
15025
5161
20149
20715
24745
10877
27979
25005
13585
13433
26611
7458
8368
14048
13107
23873
12019
889
15752
27430
1749
24161
20326
28424
27393
3493
11386
7275
1339
1808
23090
28311
252
12354
12159
2376
14684
25858
4570
4519
32309
14294
901
4985
13446
8400
26387
18071
22037
3754
7210
18590
5209
3606
22920
7911
8854
31567
26692
5306
27466
29172
9302
18878
13512
28438
26202
1204
31011
22928
14993
7781
30029
25750
2345
6361
13184
145
5054
14026
5341
20010
27680
10072
7764
18341
18519
6655
3267
5233
22500
20165
29794
15101
32330
30392
28510
9421
5837
30871
8132
10444
9594
28112
2209
4068
6503
27562
616
18380
1084
27844
20115
14369
27378
28350
3725
28089
5083
6198
8656
4148
30179
31478
12106
21971
11541
18027
24070
27022
6241
32346
264
30560
1180
2510
14969
21222
2248
11861
23044
27688
30614
19307
31359
1719
2601
27191
8910
26360
10269
30069
28164
27071
28872
11700
32460
14879
27071
11713
16904
6529
30364
4963
17591
28148
32255
8264
8476
2756
24531
26432
18205
26446
8403
22953
9193
14354
28492
18730
27869
7690
25892
12709
4521
24635
11035
24422
6574
25481
24913
17825
28843
21711
28937
6427
26265
14639
11180
807
26323
22695
23313
212
10874
14053
9979
16997
27160
3677
29667
7937
21123
408
7928
28844
16645
30415
15205
27766
2745
20920
13522
19186
21304
32672
31533
21738
13941
2490
7082
10321
18918
8631
27400
18809
14565
23702
9495
21639
85
4030
9591
25379
3464
1098
7586
31348
17504
29860
27692
5451
12469
2133
31050
7838
26359
16923
15506
28729
22549
5180
20481
10672
7325
3867
13378
29592
31524
24073
10797
758
11752
1629
17807
28920
11188
7367
7465
15075
30724
25825
15355
32333
15978
3847
14274
17804
15664
2153
4287
30830
17215
4446
16058
17707
17727
3580
3911
5527
19968
17637
14664
25756
19993
99
18867
2024
3791
17848
19861
16867
19512
5807
23895
12260
15008
29047
27968
26788
31531
689
1852
24307
17340
15816
20956
23721
15894
20353
2205
10720
25153
7891
18797
13408
20528
20472
23403
19291
27808
32196
21231
17243
17731
7478
14026
5752
30
16205
2767
21710
23087
9500
25490
31022
31060
23073
26479
30228
5480
18643
24782
3801
15535
32122
17830
20778
14196
2883
22592
17081
20208
18324
17726
5938
31598
20381

